{
 "cells": [
  {
   "cell_type": "code",
   "execution_count": 36,
   "metadata": {},
   "outputs": [],
   "source": [
    "import numpy as np\n",
    "import matplotlib.pyplot as plt\n",
    "import pandas as pd\n",
    "import seaborn as sns\n",
    "from scipy import stats"
   ]
  },
  {
   "cell_type": "code",
   "execution_count": 9,
   "metadata": {},
   "outputs": [
    {
     "data": {
      "text/plain": [
       "0.0    19422\n",
       "2.0      957\n",
       "3.0      508\n",
       "1.0      330\n",
       "4.0      317\n",
       "Name: view, dtype: int64"
      ]
     },
     "execution_count": 9,
     "metadata": {},
     "output_type": "execute_result"
    }
   ],
   "source": [
    "plt.style.use('ggplot')\n",
    "df = pd.read_pickle('cleaned_data')\n",
    "df.view.value_counts()"
   ]
  },
  {
   "cell_type": "code",
   "execution_count": 10,
   "metadata": {},
   "outputs": [],
   "source": [
    "df.view.fillna(0, inplace = True)"
   ]
  },
  {
   "cell_type": "code",
   "execution_count": 11,
   "metadata": {},
   "outputs": [
    {
     "data": {
      "text/plain": [
       "id                  0\n",
       "date                0\n",
       "price               0\n",
       "bedrooms            0\n",
       "bathrooms           0\n",
       "sqft_living         0\n",
       "sqft_lot            0\n",
       "floors              0\n",
       "waterfront          0\n",
       "view                0\n",
       "condition           0\n",
       "grade               0\n",
       "sqft_above          0\n",
       "sqft_basement       0\n",
       "yr_built            0\n",
       "yr_renovated     3749\n",
       "zipcode             0\n",
       "lat                 0\n",
       "long                0\n",
       "sqft_living15       0\n",
       "sqft_lot15          0\n",
       "delta_lot           0\n",
       "delta_living        0\n",
       "dtype: int64"
      ]
     },
     "execution_count": 11,
     "metadata": {},
     "output_type": "execute_result"
    }
   ],
   "source": [
    "df.isna().sum()"
   ]
  },
  {
   "cell_type": "code",
   "execution_count": 12,
   "metadata": {},
   "outputs": [
    {
     "data": {
      "text/html": [
       "<div>\n",
       "<style scoped>\n",
       "    .dataframe tbody tr th:only-of-type {\n",
       "        vertical-align: middle;\n",
       "    }\n",
       "\n",
       "    .dataframe tbody tr th {\n",
       "        vertical-align: top;\n",
       "    }\n",
       "\n",
       "    .dataframe thead th {\n",
       "        text-align: right;\n",
       "    }\n",
       "</style>\n",
       "<table border=\"1\" class=\"dataframe\">\n",
       "  <thead>\n",
       "    <tr style=\"text-align: right;\">\n",
       "      <th></th>\n",
       "      <th>bedrooms</th>\n",
       "      <th>bathrooms</th>\n",
       "      <th>sqft_living</th>\n",
       "      <th>sqft_lot</th>\n",
       "      <th>floors</th>\n",
       "      <th>waterfront</th>\n",
       "      <th>view</th>\n",
       "      <th>condition</th>\n",
       "      <th>grade</th>\n",
       "      <th>sqft_above</th>\n",
       "      <th>sqft_basement</th>\n",
       "      <th>yr_built</th>\n",
       "      <th>yr_renovated</th>\n",
       "      <th>zipcode</th>\n",
       "      <th>lat</th>\n",
       "      <th>long</th>\n",
       "      <th>sqft_living15</th>\n",
       "      <th>sqft_lot15</th>\n",
       "      <th>delta_lot</th>\n",
       "      <th>delta_living</th>\n",
       "    </tr>\n",
       "  </thead>\n",
       "  <tbody>\n",
       "    <tr>\n",
       "      <th>bedrooms</th>\n",
       "      <td>1.000000</td>\n",
       "      <td>0.514508</td>\n",
       "      <td>0.578212</td>\n",
       "      <td>0.032471</td>\n",
       "      <td>0.177944</td>\n",
       "      <td>-0.005213</td>\n",
       "      <td>0.078354</td>\n",
       "      <td>0.026496</td>\n",
       "      <td>0.356563</td>\n",
       "      <td>0.479386</td>\n",
       "      <td>0.297229</td>\n",
       "      <td>0.155670</td>\n",
       "      <td>0.018537</td>\n",
       "      <td>-0.154092</td>\n",
       "      <td>-0.009951</td>\n",
       "      <td>0.132054</td>\n",
       "      <td>0.393406</td>\n",
       "      <td>0.030690</td>\n",
       "      <td>0.030675</td>\n",
       "      <td>0.037639</td>\n",
       "    </tr>\n",
       "    <tr>\n",
       "      <th>bathrooms</th>\n",
       "      <td>0.514508</td>\n",
       "      <td>1.000000</td>\n",
       "      <td>0.755758</td>\n",
       "      <td>0.088373</td>\n",
       "      <td>0.502582</td>\n",
       "      <td>0.063316</td>\n",
       "      <td>0.186016</td>\n",
       "      <td>-0.126479</td>\n",
       "      <td>0.665838</td>\n",
       "      <td>0.686668</td>\n",
       "      <td>0.278485</td>\n",
       "      <td>0.507173</td>\n",
       "      <td>0.051126</td>\n",
       "      <td>-0.204786</td>\n",
       "      <td>0.024280</td>\n",
       "      <td>0.224903</td>\n",
       "      <td>0.569884</td>\n",
       "      <td>0.088303</td>\n",
       "      <td>0.118485</td>\n",
       "      <td>-0.013431</td>\n",
       "    </tr>\n",
       "    <tr>\n",
       "      <th>sqft_living</th>\n",
       "      <td>0.578212</td>\n",
       "      <td>0.755758</td>\n",
       "      <td>1.000000</td>\n",
       "      <td>0.173453</td>\n",
       "      <td>0.353953</td>\n",
       "      <td>0.101943</td>\n",
       "      <td>0.281715</td>\n",
       "      <td>-0.059445</td>\n",
       "      <td>0.762779</td>\n",
       "      <td>0.876448</td>\n",
       "      <td>0.428660</td>\n",
       "      <td>0.318152</td>\n",
       "      <td>0.055899</td>\n",
       "      <td>-0.199802</td>\n",
       "      <td>0.052155</td>\n",
       "      <td>0.241214</td>\n",
       "      <td>0.756402</td>\n",
       "      <td>0.184342</td>\n",
       "      <td>0.092753</td>\n",
       "      <td>0.062137</td>\n",
       "    </tr>\n",
       "    <tr>\n",
       "      <th>sqft_lot</th>\n",
       "      <td>0.032471</td>\n",
       "      <td>0.088373</td>\n",
       "      <td>0.173453</td>\n",
       "      <td>1.000000</td>\n",
       "      <td>-0.004814</td>\n",
       "      <td>0.024978</td>\n",
       "      <td>0.075054</td>\n",
       "      <td>-0.008830</td>\n",
       "      <td>0.114731</td>\n",
       "      <td>0.184139</td>\n",
       "      <td>0.015031</td>\n",
       "      <td>0.052946</td>\n",
       "      <td>0.004728</td>\n",
       "      <td>-0.129586</td>\n",
       "      <td>-0.085514</td>\n",
       "      <td>0.230227</td>\n",
       "      <td>0.144763</td>\n",
       "      <td>0.718204</td>\n",
       "      <td>0.065126</td>\n",
       "      <td>0.037390</td>\n",
       "    </tr>\n",
       "    <tr>\n",
       "      <th>floors</th>\n",
       "      <td>0.177944</td>\n",
       "      <td>0.502582</td>\n",
       "      <td>0.353953</td>\n",
       "      <td>-0.004814</td>\n",
       "      <td>1.000000</td>\n",
       "      <td>0.018484</td>\n",
       "      <td>0.028414</td>\n",
       "      <td>-0.264075</td>\n",
       "      <td>0.458794</td>\n",
       "      <td>0.523989</td>\n",
       "      <td>-0.241866</td>\n",
       "      <td>0.489193</td>\n",
       "      <td>0.003430</td>\n",
       "      <td>-0.059541</td>\n",
       "      <td>0.049239</td>\n",
       "      <td>0.125943</td>\n",
       "      <td>0.280102</td>\n",
       "      <td>-0.010722</td>\n",
       "      <td>0.082584</td>\n",
       "      <td>-0.104694</td>\n",
       "    </tr>\n",
       "    <tr>\n",
       "      <th>waterfront</th>\n",
       "      <td>-0.005213</td>\n",
       "      <td>0.063316</td>\n",
       "      <td>0.101943</td>\n",
       "      <td>0.024978</td>\n",
       "      <td>0.018484</td>\n",
       "      <td>1.000000</td>\n",
       "      <td>0.346925</td>\n",
       "      <td>0.013806</td>\n",
       "      <td>0.079641</td>\n",
       "      <td>0.075770</td>\n",
       "      <td>0.070319</td>\n",
       "      <td>-0.016957</td>\n",
       "      <td>0.076154</td>\n",
       "      <td>0.016109</td>\n",
       "      <td>-0.013615</td>\n",
       "      <td>-0.021833</td>\n",
       "      <td>0.081866</td>\n",
       "      <td>0.038602</td>\n",
       "      <td>0.028127</td>\n",
       "      <td>0.016183</td>\n",
       "    </tr>\n",
       "    <tr>\n",
       "      <th>view</th>\n",
       "      <td>0.078354</td>\n",
       "      <td>0.186016</td>\n",
       "      <td>0.281715</td>\n",
       "      <td>0.075054</td>\n",
       "      <td>0.028414</td>\n",
       "      <td>0.346925</td>\n",
       "      <td>1.000000</td>\n",
       "      <td>0.045622</td>\n",
       "      <td>0.249082</td>\n",
       "      <td>0.166017</td>\n",
       "      <td>0.270629</td>\n",
       "      <td>-0.054452</td>\n",
       "      <td>0.100884</td>\n",
       "      <td>0.085059</td>\n",
       "      <td>0.006321</td>\n",
       "      <td>-0.077702</td>\n",
       "      <td>0.278928</td>\n",
       "      <td>0.073083</td>\n",
       "      <td>0.033506</td>\n",
       "      <td>0.029891</td>\n",
       "    </tr>\n",
       "    <tr>\n",
       "      <th>condition</th>\n",
       "      <td>0.026496</td>\n",
       "      <td>-0.126479</td>\n",
       "      <td>-0.059445</td>\n",
       "      <td>-0.008830</td>\n",
       "      <td>-0.264075</td>\n",
       "      <td>0.013806</td>\n",
       "      <td>0.045622</td>\n",
       "      <td>1.000000</td>\n",
       "      <td>-0.146896</td>\n",
       "      <td>-0.158904</td>\n",
       "      <td>0.168482</td>\n",
       "      <td>-0.361592</td>\n",
       "      <td>-0.061451</td>\n",
       "      <td>0.002888</td>\n",
       "      <td>-0.015102</td>\n",
       "      <td>-0.105877</td>\n",
       "      <td>-0.093072</td>\n",
       "      <td>-0.003126</td>\n",
       "      <td>-0.065411</td>\n",
       "      <td>0.064569</td>\n",
       "    </tr>\n",
       "    <tr>\n",
       "      <th>grade</th>\n",
       "      <td>0.356563</td>\n",
       "      <td>0.665838</td>\n",
       "      <td>0.762779</td>\n",
       "      <td>0.114731</td>\n",
       "      <td>0.458794</td>\n",
       "      <td>0.079641</td>\n",
       "      <td>0.249082</td>\n",
       "      <td>-0.146896</td>\n",
       "      <td>1.000000</td>\n",
       "      <td>0.756073</td>\n",
       "      <td>0.165843</td>\n",
       "      <td>0.447865</td>\n",
       "      <td>0.016937</td>\n",
       "      <td>-0.185771</td>\n",
       "      <td>0.113575</td>\n",
       "      <td>0.200341</td>\n",
       "      <td>0.713867</td>\n",
       "      <td>0.120981</td>\n",
       "      <td>0.113895</td>\n",
       "      <td>0.001493</td>\n",
       "    </tr>\n",
       "    <tr>\n",
       "      <th>sqft_above</th>\n",
       "      <td>0.479386</td>\n",
       "      <td>0.686668</td>\n",
       "      <td>0.876448</td>\n",
       "      <td>0.184139</td>\n",
       "      <td>0.523989</td>\n",
       "      <td>0.075770</td>\n",
       "      <td>0.166017</td>\n",
       "      <td>-0.158904</td>\n",
       "      <td>0.756073</td>\n",
       "      <td>1.000000</td>\n",
       "      <td>-0.051175</td>\n",
       "      <td>0.424037</td>\n",
       "      <td>0.022342</td>\n",
       "      <td>-0.261570</td>\n",
       "      <td>-0.001199</td>\n",
       "      <td>0.344842</td>\n",
       "      <td>0.731767</td>\n",
       "      <td>0.195077</td>\n",
       "      <td>0.102657</td>\n",
       "      <td>0.028182</td>\n",
       "    </tr>\n",
       "    <tr>\n",
       "      <th>sqft_basement</th>\n",
       "      <td>0.297229</td>\n",
       "      <td>0.278485</td>\n",
       "      <td>0.428660</td>\n",
       "      <td>0.015031</td>\n",
       "      <td>-0.241866</td>\n",
       "      <td>0.070319</td>\n",
       "      <td>0.270629</td>\n",
       "      <td>0.168482</td>\n",
       "      <td>0.165843</td>\n",
       "      <td>-0.051175</td>\n",
       "      <td>1.000000</td>\n",
       "      <td>-0.130085</td>\n",
       "      <td>0.071295</td>\n",
       "      <td>0.073271</td>\n",
       "      <td>0.109853</td>\n",
       "      <td>-0.142369</td>\n",
       "      <td>0.199288</td>\n",
       "      <td>0.015885</td>\n",
       "      <td>0.002329</td>\n",
       "      <td>0.074921</td>\n",
       "    </tr>\n",
       "    <tr>\n",
       "      <th>yr_built</th>\n",
       "      <td>0.155670</td>\n",
       "      <td>0.507173</td>\n",
       "      <td>0.318152</td>\n",
       "      <td>0.052946</td>\n",
       "      <td>0.489193</td>\n",
       "      <td>-0.016957</td>\n",
       "      <td>-0.054452</td>\n",
       "      <td>-0.361592</td>\n",
       "      <td>0.447865</td>\n",
       "      <td>0.424037</td>\n",
       "      <td>-0.130085</td>\n",
       "      <td>1.000000</td>\n",
       "      <td>-0.224422</td>\n",
       "      <td>-0.347210</td>\n",
       "      <td>-0.148370</td>\n",
       "      <td>0.409993</td>\n",
       "      <td>0.326377</td>\n",
       "      <td>0.070777</td>\n",
       "      <td>0.171680</td>\n",
       "      <td>-0.121797</td>\n",
       "    </tr>\n",
       "    <tr>\n",
       "      <th>yr_renovated</th>\n",
       "      <td>0.018537</td>\n",
       "      <td>0.051126</td>\n",
       "      <td>0.055899</td>\n",
       "      <td>0.004728</td>\n",
       "      <td>0.003430</td>\n",
       "      <td>0.076154</td>\n",
       "      <td>0.100884</td>\n",
       "      <td>-0.061451</td>\n",
       "      <td>0.016937</td>\n",
       "      <td>0.022342</td>\n",
       "      <td>0.071295</td>\n",
       "      <td>-0.224422</td>\n",
       "      <td>1.000000</td>\n",
       "      <td>0.069374</td>\n",
       "      <td>0.031965</td>\n",
       "      <td>-0.071869</td>\n",
       "      <td>0.000050</td>\n",
       "      <td>0.004084</td>\n",
       "      <td>-0.012954</td>\n",
       "      <td>0.029129</td>\n",
       "    </tr>\n",
       "    <tr>\n",
       "      <th>zipcode</th>\n",
       "      <td>-0.154092</td>\n",
       "      <td>-0.204786</td>\n",
       "      <td>-0.199802</td>\n",
       "      <td>-0.129586</td>\n",
       "      <td>-0.059541</td>\n",
       "      <td>0.016109</td>\n",
       "      <td>0.085059</td>\n",
       "      <td>0.002888</td>\n",
       "      <td>-0.185771</td>\n",
       "      <td>-0.261570</td>\n",
       "      <td>0.073271</td>\n",
       "      <td>-0.347210</td>\n",
       "      <td>0.069374</td>\n",
       "      <td>1.000000</td>\n",
       "      <td>0.266742</td>\n",
       "      <td>-0.564259</td>\n",
       "      <td>-0.279299</td>\n",
       "      <td>-0.147294</td>\n",
       "      <td>-0.102538</td>\n",
       "      <td>0.017716</td>\n",
       "    </tr>\n",
       "    <tr>\n",
       "      <th>lat</th>\n",
       "      <td>-0.009951</td>\n",
       "      <td>0.024280</td>\n",
       "      <td>0.052155</td>\n",
       "      <td>-0.085514</td>\n",
       "      <td>0.049239</td>\n",
       "      <td>-0.013615</td>\n",
       "      <td>0.006321</td>\n",
       "      <td>-0.015102</td>\n",
       "      <td>0.113575</td>\n",
       "      <td>-0.001199</td>\n",
       "      <td>0.109853</td>\n",
       "      <td>-0.148370</td>\n",
       "      <td>0.031965</td>\n",
       "      <td>0.266742</td>\n",
       "      <td>1.000000</td>\n",
       "      <td>-0.135371</td>\n",
       "      <td>0.048679</td>\n",
       "      <td>-0.086139</td>\n",
       "      <td>-0.021185</td>\n",
       "      <td>0.015366</td>\n",
       "    </tr>\n",
       "    <tr>\n",
       "      <th>long</th>\n",
       "      <td>0.132054</td>\n",
       "      <td>0.224903</td>\n",
       "      <td>0.241214</td>\n",
       "      <td>0.230227</td>\n",
       "      <td>0.125943</td>\n",
       "      <td>-0.021833</td>\n",
       "      <td>-0.077702</td>\n",
       "      <td>-0.105877</td>\n",
       "      <td>0.200341</td>\n",
       "      <td>0.344842</td>\n",
       "      <td>-0.142369</td>\n",
       "      <td>0.409993</td>\n",
       "      <td>-0.071869</td>\n",
       "      <td>-0.564259</td>\n",
       "      <td>-0.135371</td>\n",
       "      <td>1.000000</td>\n",
       "      <td>0.335626</td>\n",
       "      <td>0.255586</td>\n",
       "      <td>0.112897</td>\n",
       "      <td>-0.028237</td>\n",
       "    </tr>\n",
       "    <tr>\n",
       "      <th>sqft_living15</th>\n",
       "      <td>0.393406</td>\n",
       "      <td>0.569884</td>\n",
       "      <td>0.756402</td>\n",
       "      <td>0.144763</td>\n",
       "      <td>0.280102</td>\n",
       "      <td>0.081866</td>\n",
       "      <td>0.278928</td>\n",
       "      <td>-0.093072</td>\n",
       "      <td>0.713867</td>\n",
       "      <td>0.731767</td>\n",
       "      <td>0.199288</td>\n",
       "      <td>0.326377</td>\n",
       "      <td>0.000050</td>\n",
       "      <td>-0.279299</td>\n",
       "      <td>0.048679</td>\n",
       "      <td>0.335626</td>\n",
       "      <td>1.000000</td>\n",
       "      <td>0.183515</td>\n",
       "      <td>0.120635</td>\n",
       "      <td>0.033075</td>\n",
       "    </tr>\n",
       "    <tr>\n",
       "      <th>sqft_lot15</th>\n",
       "      <td>0.030690</td>\n",
       "      <td>0.088303</td>\n",
       "      <td>0.184342</td>\n",
       "      <td>0.718204</td>\n",
       "      <td>-0.010722</td>\n",
       "      <td>0.038602</td>\n",
       "      <td>0.073083</td>\n",
       "      <td>-0.003126</td>\n",
       "      <td>0.120981</td>\n",
       "      <td>0.195077</td>\n",
       "      <td>0.015885</td>\n",
       "      <td>0.070777</td>\n",
       "      <td>0.004084</td>\n",
       "      <td>-0.147294</td>\n",
       "      <td>-0.086139</td>\n",
       "      <td>0.255586</td>\n",
       "      <td>0.183515</td>\n",
       "      <td>1.000000</td>\n",
       "      <td>0.055007</td>\n",
       "      <td>0.036339</td>\n",
       "    </tr>\n",
       "    <tr>\n",
       "      <th>delta_lot</th>\n",
       "      <td>0.030675</td>\n",
       "      <td>0.118485</td>\n",
       "      <td>0.092753</td>\n",
       "      <td>0.065126</td>\n",
       "      <td>0.082584</td>\n",
       "      <td>0.028127</td>\n",
       "      <td>0.033506</td>\n",
       "      <td>-0.065411</td>\n",
       "      <td>0.113895</td>\n",
       "      <td>0.102657</td>\n",
       "      <td>0.002329</td>\n",
       "      <td>0.171680</td>\n",
       "      <td>-0.012954</td>\n",
       "      <td>-0.102538</td>\n",
       "      <td>-0.021185</td>\n",
       "      <td>0.112897</td>\n",
       "      <td>0.120635</td>\n",
       "      <td>0.055007</td>\n",
       "      <td>1.000000</td>\n",
       "      <td>-0.004221</td>\n",
       "    </tr>\n",
       "    <tr>\n",
       "      <th>delta_living</th>\n",
       "      <td>0.037639</td>\n",
       "      <td>-0.013431</td>\n",
       "      <td>0.062137</td>\n",
       "      <td>0.037390</td>\n",
       "      <td>-0.104694</td>\n",
       "      <td>0.016183</td>\n",
       "      <td>0.029891</td>\n",
       "      <td>0.064569</td>\n",
       "      <td>0.001493</td>\n",
       "      <td>0.028182</td>\n",
       "      <td>0.074921</td>\n",
       "      <td>-0.121797</td>\n",
       "      <td>0.029129</td>\n",
       "      <td>0.017716</td>\n",
       "      <td>0.015366</td>\n",
       "      <td>-0.028237</td>\n",
       "      <td>0.033075</td>\n",
       "      <td>0.036339</td>\n",
       "      <td>-0.004221</td>\n",
       "      <td>1.000000</td>\n",
       "    </tr>\n",
       "  </tbody>\n",
       "</table>\n",
       "</div>"
      ],
      "text/plain": [
       "               bedrooms  bathrooms  sqft_living  sqft_lot    floors  \\\n",
       "bedrooms       1.000000   0.514508     0.578212  0.032471  0.177944   \n",
       "bathrooms      0.514508   1.000000     0.755758  0.088373  0.502582   \n",
       "sqft_living    0.578212   0.755758     1.000000  0.173453  0.353953   \n",
       "sqft_lot       0.032471   0.088373     0.173453  1.000000 -0.004814   \n",
       "floors         0.177944   0.502582     0.353953 -0.004814  1.000000   \n",
       "waterfront    -0.005213   0.063316     0.101943  0.024978  0.018484   \n",
       "view           0.078354   0.186016     0.281715  0.075054  0.028414   \n",
       "condition      0.026496  -0.126479    -0.059445 -0.008830 -0.264075   \n",
       "grade          0.356563   0.665838     0.762779  0.114731  0.458794   \n",
       "sqft_above     0.479386   0.686668     0.876448  0.184139  0.523989   \n",
       "sqft_basement  0.297229   0.278485     0.428660  0.015031 -0.241866   \n",
       "yr_built       0.155670   0.507173     0.318152  0.052946  0.489193   \n",
       "yr_renovated   0.018537   0.051126     0.055899  0.004728  0.003430   \n",
       "zipcode       -0.154092  -0.204786    -0.199802 -0.129586 -0.059541   \n",
       "lat           -0.009951   0.024280     0.052155 -0.085514  0.049239   \n",
       "long           0.132054   0.224903     0.241214  0.230227  0.125943   \n",
       "sqft_living15  0.393406   0.569884     0.756402  0.144763  0.280102   \n",
       "sqft_lot15     0.030690   0.088303     0.184342  0.718204 -0.010722   \n",
       "delta_lot      0.030675   0.118485     0.092753  0.065126  0.082584   \n",
       "delta_living   0.037639  -0.013431     0.062137  0.037390 -0.104694   \n",
       "\n",
       "               waterfront      view  condition     grade  sqft_above  \\\n",
       "bedrooms        -0.005213  0.078354   0.026496  0.356563    0.479386   \n",
       "bathrooms        0.063316  0.186016  -0.126479  0.665838    0.686668   \n",
       "sqft_living      0.101943  0.281715  -0.059445  0.762779    0.876448   \n",
       "sqft_lot         0.024978  0.075054  -0.008830  0.114731    0.184139   \n",
       "floors           0.018484  0.028414  -0.264075  0.458794    0.523989   \n",
       "waterfront       1.000000  0.346925   0.013806  0.079641    0.075770   \n",
       "view             0.346925  1.000000   0.045622  0.249082    0.166017   \n",
       "condition        0.013806  0.045622   1.000000 -0.146896   -0.158904   \n",
       "grade            0.079641  0.249082  -0.146896  1.000000    0.756073   \n",
       "sqft_above       0.075770  0.166017  -0.158904  0.756073    1.000000   \n",
       "sqft_basement    0.070319  0.270629   0.168482  0.165843   -0.051175   \n",
       "yr_built        -0.016957 -0.054452  -0.361592  0.447865    0.424037   \n",
       "yr_renovated     0.076154  0.100884  -0.061451  0.016937    0.022342   \n",
       "zipcode          0.016109  0.085059   0.002888 -0.185771   -0.261570   \n",
       "lat             -0.013615  0.006321  -0.015102  0.113575   -0.001199   \n",
       "long            -0.021833 -0.077702  -0.105877  0.200341    0.344842   \n",
       "sqft_living15    0.081866  0.278928  -0.093072  0.713867    0.731767   \n",
       "sqft_lot15       0.038602  0.073083  -0.003126  0.120981    0.195077   \n",
       "delta_lot        0.028127  0.033506  -0.065411  0.113895    0.102657   \n",
       "delta_living     0.016183  0.029891   0.064569  0.001493    0.028182   \n",
       "\n",
       "               sqft_basement  yr_built  yr_renovated   zipcode       lat  \\\n",
       "bedrooms            0.297229  0.155670      0.018537 -0.154092 -0.009951   \n",
       "bathrooms           0.278485  0.507173      0.051126 -0.204786  0.024280   \n",
       "sqft_living         0.428660  0.318152      0.055899 -0.199802  0.052155   \n",
       "sqft_lot            0.015031  0.052946      0.004728 -0.129586 -0.085514   \n",
       "floors             -0.241866  0.489193      0.003430 -0.059541  0.049239   \n",
       "waterfront          0.070319 -0.016957      0.076154  0.016109 -0.013615   \n",
       "view                0.270629 -0.054452      0.100884  0.085059  0.006321   \n",
       "condition           0.168482 -0.361592     -0.061451  0.002888 -0.015102   \n",
       "grade               0.165843  0.447865      0.016937 -0.185771  0.113575   \n",
       "sqft_above         -0.051175  0.424037      0.022342 -0.261570 -0.001199   \n",
       "sqft_basement       1.000000 -0.130085      0.071295  0.073271  0.109853   \n",
       "yr_built           -0.130085  1.000000     -0.224422 -0.347210 -0.148370   \n",
       "yr_renovated        0.071295 -0.224422      1.000000  0.069374  0.031965   \n",
       "zipcode             0.073271 -0.347210      0.069374  1.000000  0.266742   \n",
       "lat                 0.109853 -0.148370      0.031965  0.266742  1.000000   \n",
       "long               -0.142369  0.409993     -0.071869 -0.564259 -0.135371   \n",
       "sqft_living15       0.199288  0.326377      0.000050 -0.279299  0.048679   \n",
       "sqft_lot15          0.015885  0.070777      0.004084 -0.147294 -0.086139   \n",
       "delta_lot           0.002329  0.171680     -0.012954 -0.102538 -0.021185   \n",
       "delta_living        0.074921 -0.121797      0.029129  0.017716  0.015366   \n",
       "\n",
       "                   long  sqft_living15  sqft_lot15  delta_lot  delta_living  \n",
       "bedrooms       0.132054       0.393406    0.030690   0.030675      0.037639  \n",
       "bathrooms      0.224903       0.569884    0.088303   0.118485     -0.013431  \n",
       "sqft_living    0.241214       0.756402    0.184342   0.092753      0.062137  \n",
       "sqft_lot       0.230227       0.144763    0.718204   0.065126      0.037390  \n",
       "floors         0.125943       0.280102   -0.010722   0.082584     -0.104694  \n",
       "waterfront    -0.021833       0.081866    0.038602   0.028127      0.016183  \n",
       "view          -0.077702       0.278928    0.073083   0.033506      0.029891  \n",
       "condition     -0.105877      -0.093072   -0.003126  -0.065411      0.064569  \n",
       "grade          0.200341       0.713867    0.120981   0.113895      0.001493  \n",
       "sqft_above     0.344842       0.731767    0.195077   0.102657      0.028182  \n",
       "sqft_basement -0.142369       0.199288    0.015885   0.002329      0.074921  \n",
       "yr_built       0.409993       0.326377    0.070777   0.171680     -0.121797  \n",
       "yr_renovated  -0.071869       0.000050    0.004084  -0.012954      0.029129  \n",
       "zipcode       -0.564259      -0.279299   -0.147294  -0.102538      0.017716  \n",
       "lat           -0.135371       0.048679   -0.086139  -0.021185      0.015366  \n",
       "long           1.000000       0.335626    0.255586   0.112897     -0.028237  \n",
       "sqft_living15  0.335626       1.000000    0.183515   0.120635      0.033075  \n",
       "sqft_lot15     0.255586       0.183515    1.000000   0.055007      0.036339  \n",
       "delta_lot      0.112897       0.120635    0.055007   1.000000     -0.004221  \n",
       "delta_living  -0.028237       0.033075    0.036339  -0.004221      1.000000  "
      ]
     },
     "execution_count": 12,
     "metadata": {},
     "output_type": "execute_result"
    }
   ],
   "source": [
    "df_pred = df.drop(['id','price'], axis=1)\n",
    "df_pred.corr()"
   ]
  },
  {
   "cell_type": "code",
   "execution_count": 13,
   "metadata": {},
   "outputs": [
    {
     "data": {
      "text/plain": [
       "<matplotlib.axes._subplots.AxesSubplot at 0x2db9ff60400>"
      ]
     },
     "execution_count": 13,
     "metadata": {},
     "output_type": "execute_result"
    },
    {
     "data": {
